89386
121944
130946
113912
67463
89287
116649
80479
80602
77251
18987
112040
127291
89752
101170
109805
123113
114436
51210
102644
105664
8254
127161
93580
69085
81837
62476
75337
62947
48
76883
116306
20030
75168
98851
116226
78351
116108
106145
74069
119420
79823
20144
117441
115760
71400
124206
110108
60778
101663
27501
103128
30304
93329
90666
85587
54336
107436
75247
130983
103331
16337
126445
4203
113397
40367
82028
114855
117771
53354
93418
75928
124028
130829
121910
129754
130523
130016
115712
125360
124082
130895
129127
102096
49882
90201
70884
80475
130981
121674
93260
117386
115616
130158
99918
105050
105065
61631
98566
95808
126550
107287
28997
97393
89678
80980
58415
130984
118447
50411
108564
94494
116321
119735
121801
80471
115495
120326
81997
115458
